

Input file is " results/dados0.1.txt
size:  716288
new:  756838.75
Entropia:  7.996631462305344
Numero de Simbolos:  256
Simbolos mais frequentes: 
1 º:  17
2 º:  13
3 º:  15
4 º:  19
5 º:  11
Subconjunto com mais que 50% de probabilidade:  [17, 13, 15, 19, 11, 173, 175, 26, 24, 225, 180, 172, 20, 171, 12, 178, 179, 14, 223, 176, 177, 174, 25, 18, 22, 9, 247, 30, 231, 32, 21, 170, 185, 221, 35, 198, 228, 188, 27, 236, 28, 200, 181, 230, 227, 242, 238, 182, 37, 16, 226, 245, 229, 166, 10, 183, 240, 8, 234, 190, 33, 169, 164, 232, 31, 195, 23, 254, 217, 34, 29, 237, 187, 239, 192, 168, 191, 219, 6, 162, 186, 184, 224, 49, 160, 216, 193, 213, 244, 51, 194, 204, 47, 215, 95, 206, 252, 0, 249, 241, 208, 4, 7, 233, 235, 54, 246, 36, 196, 158, 189, 218, 2, 96, 243, 86, 93, 197, 202, 43, 251]
Soma probabilidade:  50.00209412973553 %
Compress~ao obtida:  0.9464208855585156


Input file is " results/dados0.2.txt
size:  716288
new:  763256.0
Entropia:  7.997822670443043
Numero de Simbolos:  256
Simbolos mais frequentes: 
1 º:  184
2 º:  248
3 º:  186
4 º:  250
5 º:  190
Subconjunto com mais que 50% de probabilidade:  [184, 248, 186, 250, 190, 188, 191, 170, 189, 252, 172, 168, 177, 249, 251, 192, 246, 193, 182, 196, 240, 254, 255, 198, 179, 253, 174, 187, 247, 238, 175, 244, 194, 180, 245, 166, 183, 200, 178, 237, 181, 185, 176, 202, 242, 195, 0, 201, 124, 42, 239, 100, 99, 173, 56, 48, 98, 235, 101, 236, 162, 44, 40, 122, 215, 3, 164, 161, 233, 58, 95, 1, 5, 163, 199, 97, 203, 96, 197, 91, 49, 39, 47, 41, 50, 120, 123, 234, 46, 167, 94, 133, 165, 29, 32, 93, 135, 30, 51, 2, 103, 45, 54, 102, 61, 243, 126, 118, 92, 60, 31, 160, 211, 4, 127, 205, 34, 231, 57, 217, 209, 116, 36]
Soma probabilidade:  50.27042195318084 %
Compress~ao obtida:  0.9384636347437819


Input file is " results/dados0.4.txt
size:  716288
new:  759378.75
Entropia:  7.994851740037838
Numero de Simbolos:  256
Simbolos mais frequentes: 
1 º:  223
2 º:  220
3 º:  219
4 º:  224
5 º:  222
Subconjunto com mais que 50% de probabilidade:  [223, 220, 219, 224, 222, 225, 221, 227, 217, 218, 226, 215, 214, 230, 213, 232, 23, 6, 216, 212, 229, 255, 228, 24, 101, 12, 253, 103, 110, 18, 20, 3, 13, 210, 14, 211, 112, 11, 208, 22, 231, 21, 108, 25, 90, 10, 111, 15, 26, 209, 98, 105, 99, 1, 0, 96, 19, 100, 28, 4, 9, 16, 92, 8, 106, 7, 107, 17, 251, 36, 91, 65, 5, 203, 34, 94, 63, 206, 114, 2, 254, 205, 109, 237, 27, 207, 30, 29, 235, 67, 142, 70, 234, 69, 68, 56, 236, 233, 204, 89, 66, 58, 31, 102, 62, 113, 97, 93, 95, 71, 104, 252, 81, 64, 51, 201, 38, 32, 79, 72]
Soma probabilidade:  50.30783707112223 %
Compress~ao obtida:  0.9432552596448084


Input file is " results/dados0.6.txt
size:  716288
new:  760268.125
Entropia:  7.99531057008726
Numero de Simbolos:  256
Simbolos mais frequentes: 
1 º:  204
2 º:  205
3 º:  209
4 º:  207
5 º:  210
Subconjunto com mais que 50% de probabilidade:  [204, 205, 209, 207, 210, 211, 206, 208, 203, 120, 199, 110, 202, 63, 69, 201, 113, 125, 118, 213, 111, 124, 109, 126, 107, 70, 200, 212, 65, 119, 112, 114, 71, 72, 108, 123, 127, 116, 106, 198, 67, 6, 61, 64, 128, 215, 214, 117, 121, 122, 60, 129, 8, 196, 115, 133, 7, 62, 195, 59, 68, 94, 217, 42, 197, 41, 193, 33, 66, 9, 194, 131, 219, 58, 96, 49, 40, 10, 130, 45, 73, 95, 216, 105, 35, 39, 104, 37, 218, 53, 74, 93, 55, 38, 135, 57, 47, 102, 90, 51, 32, 44, 92, 103, 101, 134, 97, 132, 5, 43, 36, 11, 46, 191, 78, 75, 98, 220, 100, 50]
Soma probabilidade:  50.09800527162259 %
Compress~ao obtida:  0.9421518230821527


Input file is " results/dados0.8.txt
size:  716288
new:  759584.875
Entropia:  7.994129958078869
Numero de Simbolos:  256
Simbolos mais frequentes: 
1 º:  56
2 º:  54
3 º:  57
4 º:  55
5 º:  58
Subconjunto com mais que 50% de probabilidade:  [56, 54, 57, 55, 58, 48, 53, 47, 42, 62, 60, 59, 43, 143, 49, 61, 52, 41, 144, 46, 50, 25, 40, 167, 51, 145, 166, 44, 45, 27, 39, 181, 142, 26, 29, 28, 24, 164, 165, 22, 23, 182, 168, 146, 33, 30, 77, 179, 63, 64, 31, 174, 180, 35, 65, 21, 34, 169, 163, 171, 38, 37, 246, 76, 5, 147, 175, 140, 173, 97, 141, 78, 20, 32, 241, 79, 67, 172, 178, 156, 183, 66, 139, 148, 177, 73, 11, 247, 10, 157, 19, 6, 198, 170, 95, 4, 216, 199, 75, 162, 151, 248, 200, 80, 150, 249, 96, 92, 91, 245, 242, 149, 82, 161, 74, 70, 239, 68, 201]
Soma probabilidade:  50.077622408863476 %
Compress~ao obtida:  0.9429992928703326


Input file is " results/dados0.txt
size:  716288
new:  662598.375
Entropia:  6.996110443545672
Numero de Simbolos:  128
Simbolos mais frequentes: 
1 º:  218
2 º:  220
3 º:  222
4 º:  250
5 º:  216
Subconjunto com mais que 50% de probabilidade:  [218, 220, 222, 250, 216, 248, 224, 252, 214, 164, 246, 172, 230, 232, 174, 102, 228, 176, 226, 212, 162, 254, 170, 166, 4, 192, 100, 6, 234, 244, 104, 178, 190, 152, 160, 168, 2, 236, 0, 106, 8, 150, 108, 210, 180, 110, 186, 154, 98, 194, 188, 242, 182, 238, 184, 158, 112, 156, 94, 96, 92]
Soma probabilidade:  50.52618499821301 %
Compress~ao obtida:  1.0810289113673122


Input file is " results/dados1.txt
size:  716288
new:  757767.375
Entropia:  7.983334020344821
Numero de Simbolos:  256
Simbolos mais frequentes: 
1 º:  38
2 º:  46
3 º:  48
4 º:  181
5 º:  21
Subconjunto com mais que 50% de probabilidade:  [38, 46, 48, 181, 21, 47, 22, 39, 37, 49, 43, 180, 42, 50, 45, 19, 182, 179, 44, 40, 36, 23, 51, 13, 12, 20, 18, 15, 11, 41, 34, 14, 16, 32, 31, 52, 33, 183, 53, 178, 35, 17, 54, 30, 25, 24, 9, 10, 26, 92, 120, 119, 121, 28, 27, 29, 184, 116, 185, 7, 172, 55, 8, 110, 115, 93, 117, 118, 91, 177, 114, 174, 90, 111, 173, 99, 87, 113, 108, 186, 187, 176, 101, 112, 98, 106, 169, 100, 97, 105, 109, 96, 85, 168, 175, 126, 125, 56, 83, 128, 166, 104, 167, 88, 107, 94, 171, 103, 86, 188, 84, 127]
Soma probabilidade:  50.09381701215153 %
Compress~ao obtida:  0.9452610703911606
